[cam_0]
name = "1"
size = [ 1920, 1080,]
matrix = [ [ 1361.8026858939731, 0.0, 959.5,], [ 0.0, 1361.8026858939731, 539.5,], [ 0.0, 0.0, 1.0,],]
distortions = [ -0.015366438063186728, 0.0, 0.0, 0.0, 0.0,]
rotation = [ -0.004908274853516498, 0.0011913158677390677, -0.012683215407598196,]
translation = [ -0.24294663277029266, -2.3700688856823993, 19.14287226775542,]

[cam_1]
name = "2"
size = [ 1920, 1080,]
matrix = [ [ 1373.654383028532, 0.0, 959.5,], [ 0.0, 1373.654383028532, 539.5,], [ 0.0, 0.0, 1.0,],]
distortions = [ -0.010603754149778375, 0.0, 0.0, 0.0, 0.0,]
rotation = [ 0.09225878500532611, -0.7503499408803891, 0.07360466040815929,]
translation = [ 394.25443348006513, 122.19931932427848, 113.44299711595674,]

[cam_2]
name = "3"
size = [ 1920, 1080,]
matrix = [ [ 1379.5677369622429, 0.0, 959.5,], [ 0.0, 1379.5677369622429, 539.5,], [ 0.0, 0.0, 1.0,],]
distortions = [ -0.004145643386965762, 0.0, 0.0, 0.0, 0.0,]
rotation = [ 0.08718906630807523, 2.6312426780842864, 1.5645024140385146,]
translation = [ -267.74763155209234, -604.2595243473074, 904.9824471568176,]

[cam_3]
name = "4"
size = [ 1920, 1080,]
matrix = [ [ 1556.6692104735598, 0.0, 959.5,], [ 0.0, 1556.6692104735598, 539.5,], [ 0.0, 0.0, 1.0,],]
distortions = [ 0.018084144257851625, 0.0, 0.0, 0.0, 0.0,]
rotation = [ 0.49921110923989837, 2.703611387858394, 1.282948839383789,]
translation = [ -240.33516338205285, -521.0368084391235, 1064.8350380173576,]

[metadata]
adjusted = false
error = 0.63302934134995
