t = 0
b = 100 100 100
E = 0 0 0
0.7451466917991638 0.9373698234558105 0.2919149398803711 0.89930068666427 -0.3249872671902721 -0.2926457775696951 0.43170935508537556 0.5534129952982361 0.7122928396150026
-0.17336975038051605 1.229860782623291 0.022205829620361328 -0.7822885194958162 -0.6211781663116044 -0.04650116087579894 0.5387165411534686 -0.6370074298389792 -0.5513674116390824
